%depth[mm]	d13C
0	-2.40
0.2	-2.69
0.5	-3.13
0.8	-2.56
1.1	-2.69
1.4	-3.72
1.7	-4.47
2	-3.59
2.3	-4.37
2.6	-5.53
2.9	-3.70
3.2	-4.00
3.5	-5.14
3.8	-5.04
4.1	-5.13
4.4	-5.88
4.7	-5.91
5	-6.02
5.3	-6.57
5.6	-6.35
5.9	-5.08
6.2	-5.52
6.5	-4.54
6.8	-5.45
7.1	-5.11
7.4	-4.81
7.8	-4.03
8.1	-5.04
8.4	-6.22
8.7	-5.63
9	-4.90
9.3	-5.91
9.6	-3.07
9.9	-5.80
10.2	-5.32
10.5	-6.42
10.8	-6.24
11.1	-6.12
11.4	-5.79
11.7	-4.69
12	-6.46
12.3	-6.29
12.6	-5.68
12.9	-5.81
13.2	-5.56
13.5	-4.99
13.8	-5.84
14.1	-5.16
14.4	-4.51
14.7	-4.59
15	-5.42
15.3	-4.62
15.6	-6.02
15.9	-5.80
16.2	-5.94
16.5	-6.18
16.8	-6.06
17.1	-6.22
17.4	-6.12
17.7	-6.08
18	-5.96
18.3	-6.24
18.6	-5.86
18.9	-5.72
19.2	-6.35
19.5	-6.35
19.8	-6.02
20.1	-6.23
20.4	-5.50
20.7	-5.21
21	-6.64
21.3	-6.43
21.6	-6.88
21.9	-6.80
22.2	-6.88
22.5	-6.30
22.8	-5.79
23.1	-5.05
23.4	-5.57
23.7	-6.34
24	-6.56
24.2	-7.18
24.6	-6.83
24.9	-6.60
25.2	-6.27
25.5	-6.44
25.8	-2.40
26.1	-1.39
26.4	-2.89
26.7	-3.14
27	-1.71
27.3	-3.31
27.6	-1.85
27.9	-2.57
28.2	-3.15
28.5	-3.04
28.8	-2.64
29.1	-2.60
29.4	-1.48
29.7	0.57
30	-0.83
30.3	-4.08
30.6	-4.63
30.9	-6.08
31.2	-7.65
31.5	-6.70
31.8	-6.42
32.1	-4.93
32.4	-4.82
32.7	-5.96
33	-5.59
33.3	-5.94
33.6	-6.35
33.9	-5.55
34.2	-6.10
34.5	-5.34
34.8	-5.41
35.1	-6.40
35.4	-6.45
35.7	-6.22
36	-6.24
36.3	-6.63
36.6	-5.88
36.9	-4.65
37.2	-5.25
37.5	-6.56
37.8	-5.76
38.1	-6.16
38.4	-5.90
38.7	-3.71
39	-3.71
39.3	-2.41
39.6	-0.51
39.9	-1.67
40.2	-2.26
40.5	-2.49
40.8	-3.02
41.1	-2.89
41.4	-3.93
41.7	-4.73
42	-5.37
42.3	-4.96
42.6	-5.71
42.9	-6.49
43.2	-6.05
43.5	-5.97
43.8	-4.88
44.1	-2.90
44.4	-2.76
44.7	-4.43
45	-4.20
45.3	-4.73
45.6	-4.86
45.9	-5.53
46.2	-5.61
46.5	-5.35
46.8	-5.14
47.1	-5.44
47.4	-5.96
47.7	-6.27
48	-5.90
48.3	-5.01
48.6	-3.97
48.9	-4.13
49.2	-5.05
49.5	-5.49
49.8	-5.85
50.1	-5.31
50.4	-5.55
50.7	-5.27
51	-5.30
51.3	-5.17
51.6	-6.05
51.9	-4.17
52.2	-4.61
52.5	-5.32
52.8	-6.70
53.1	-6.19
53.4	-5.91
53.7	-5.32
54	-5.77
54.3	-0.20
54.6	-4.39
54.9	-5.85
55.2	-5.82
55.5	-5.57
55.8	-5.16
56.1	-7.00
56.4	-6.55
56.7	-5.58
57	-5.21
57.3	-4.60
57.6	-5.49
57.9	-6.16
58.2	-6.03
58.5	-5.64
58.8	-5.56
59.1	-6.05
59.4	-6.18
59.7	-4.83
60	-5.70
60.3	-3.90
60.6	-2.95
60.9	-3.95
61.2	-4.49
61.5	-3.83
61.8	-3.22
62.1	-4.21
62.4	-5.89
62.7	-5.56
63	-6.56
63.3	-5.87
63.6	-5.57
63.9	-5.48
64.2	-4.97
64.5	-5.01
64.8	-5.89
65.1	-6.68
65.4	-6.33
65.7	-4.71
66	-5.89
66.3	-6.31
66.6	-7.08
66.9	-5.79
67.2	-7.02
67.5	-7.17
67.8	-5.23
68.1	-5.62
68.4	-5.48
68.7	-5.56
69	-6.82
69.3	-6.20
69.6	-5.63
69.9	-5.47
70.2	-5.98
70.5	-5.89
70.8	-5.45
71.1	-7.41
71.4	-6.92
71.7	-4.22
72	-4.77
72.3	-4.08
72.6	-3.73
72.9	-4.46
73.2	-4.57
73.5	-4.77
73.8	-5.35
74.1	-5.33
74.4	-4.19
74.7	-4.78
75	-6.68
75.3	-6.57
75.6	-6.61
75.9	-7.26
76.2	-7.72
76.5	-7.32
76.8	-6.98
77.1	-6.73
77.4	-6.60
77.7	-5.05
78	-3.30
78.3	-3.00
78.6	-6.84
78.9	-6.99
79.2	-6.92
79.5	-5.87
79.8	-6.13
80.1	-7.39
80.4	-6.29
80.7	-5.56
81	-5.52
81.3	-6.13
81.6	-6.57
81.9	-7.66
82.2	-7.39
82.5	-7.36
82.8	-6.89
83.1	-4.88
83.4	-6.62
83.7	-5.62
84	-5.93
84.3	-5.92
84.6	-6.86
84.9	-6.99
85.2	-5.73
85.5	-6.43
85.8	-6.50
86.1	-6.28
86.4	-6.95
86.7	-6.75
87	-6.44
87.3	-5.88
87.6	-5.69
87.9	-5.74
88.2	-5.82
88.5	-6.88
88.8	-6.06
89.1	-5.95
89.4	-5.93
89.7	-6.16
90	-5.77
90.3	-6.08
90.6	-5.63
90.9	-6.21
91.2	-6.15
91.5	-6.77
91.8	-7.16
92.1	-7.40
92.4	-6.44
92.7	-7.00
93	-7.08
93.3	-6.29
93.6	-5.17
93.9	-6.08
94.2	-6.76
94.5	-5.97
94.8	-5.72
95.1	-6.57
95.4	-6.37
95.7	-6.35
96	-6.32
96.3	-5.95
96.6	-6.08
96.9	-6.41
97.2	-6.13
97.5	-6.43
97.8	-6.20
98.1	-5.76
98.4	-5.70
98.7	-6.10
99	-6.51
99.3	-5.80
99.6	-5.41
99.9	-6.24
100.2	-5.71
100.5	-6.41
100.8	-6.24
101.1	-6.38
101.4	-6.13
101.7	-6.05
102	-6.27
102.3	-6.40
102.6	-6.77
102.9	-5.74
103.2	-5.28
103.5	-4.91
103.8	-5.80
104.1	-5.37
104.4	-6.43
104.7	-6.44
105	-7.17
105.3	-6.23
105.6	-6.29
105.9	-5.63
106.2	-6.31
106.5	-6.13
106.8	-6.71
107.1	-6.94
107.4	-6.94
107.7	-7.46
108	-7.21
108.3	-6.33
108.6	-6.04
108.9	-6.79
109.2	-4.95
109.5	-5.00
109.8	-5.54
110.1	-4.94
110.4	-6.41
110.7	-5.10
111	-5.94
111.3	-4.52
111.6	-4.13
111.9	-5.30
112.2	-4.19
112.5	-5.78
112.8	-6.28
113.1	-6.62
113.4	-5.96
113.7	-4.36
114	-5.84
114.3	-5.00
114.6	-6.01
114.9	-6.06
115.2	-6.54
115.5	-6.29
115.8	-5.76
116.1	-6.33
116.4	-4.60
116.7	-4.69
117	-5.28
117.3	-4.93
117.6	-5.00
117.9	-5.35
118.2	-5.25
118.3	-5.80
118.5	-5.78
118.8	-5.95
119.1	-5.46
119.4	-5.46
119.7	-5.91
120	-5.67
120.3	-6.25
120.6	-6.06
120.9	-5.75
121.2	-4.89
121.5	-5.62
121.8	-5.45
122.1	-4.69
122.4	-5.06
122.7	-6.31
123	-6.12
123.3	-5.73
123.6	-5.72
123.9	-6.12
124.2	-6.21
124.5	-6.48
124.8	-4.47
125.1	-5.46
125.4	-5.01
125.7	-5.93
126	-4.85
126.3	-5.78
126.6	-6.67
126.9	-6.09
127.2	-5.95
127.5	-5.09
127.8	-6.17
128.1	-5.01
128.4	-5.30
128.7	-5.40
129	-5.90
129.3	-4.69
129.6	-5.48
129.9	-5.90
130.2	-5.34
130.5	-5.70
130.8	-4.85
131.1	-6.08
