%   dft 	Mg/Ca
%   [mm]	[ppm]
0.05	2.351260137
0.10	1.935558693
0.15	1.739860598
0.20	1.387888844
0.25	1.830026567
0.30	2.01581321
0.35	2.286254314
0.40	1.795910651
0.45	1.693539033
0.50	1.770775643
0.55	1.861185111
0.60	1.793166754
0.65	1.715837638
0.70	1.660152373
0.75	1.935951912
0.80	2.206896552
0.85	1.488128876
0.90	1.910165269
0.95	1.99521443
1.00	1.541691042
1.05	1.579249941
1.10	1.682668172
1.15	1.73815551
1.20	1.832572451
1.25	1.914365735
1.30	1.950697159
1.35	2.063080003
1.40	2.134516545
1.45	1.975206539
1.50	2.596678599
1.55	1.846050799
1.60	1.645716489
1.65	1.670564651
1.70	1.581655466
1.75	1.542326265
1.80	1.549061847
1.85	1.722397497
1.90	1.5386815
1.95	1.932803652
2.00	1.492844121
2.05	1.669043903
2.10	1.8389005
2.15	1.740370461
2.20	1.882479494
2.25	2.183263284
2.30	1.860169129
2.35	1.829894501
2.40	2.173620662
2.45	2.053544265
2.50	1.803305678
2.55	1.732745206
2.60	2.093492667
2.65	1.68707823
2.70	1.864304314
2.75	1.737561622
2.80	1.683308717
2.85	1.897589177
2.90	1.887228084
2.95	1.88172043
3.00	1.762816055
3.05	1.782623298
3.10	2.068179463
3.15	1.777691301
3.20	1.750255504
3.25	1.822665809
3.30	1.843517644
3.35	1.845671408
3.40	1.761518821
3.45	1.618407487
3.50	1.729864637
3.55	1.405852769
3.60	1.878292069
3.65	1.455373496
3.70	1.249862881
3.75	1.78832205
3.80	1.737910744
3.85	1.610720533
3.90	1.434606157
3.95	1.936401101
4.00	1.72904766
4.05	1.345425553
4.10	1.785126259
4.15	1.435910856
4.20	1.473718145
4.25	1.372752645
4.30	1.405729993
4.35	1.437367797
4.40	1.281033025
4.45	1.571975775
4.50	1.512684437
4.55	1.497366619
4.60	1.430059285
4.65	1.646197017
4.70	2.243121009
4.75	1.730263574
4.80	1.641367345
4.85	1.350971811
4.90	1.438445305
4.95	1.631755547
5.00	0.995253407
5.05	1.436393009
5.10	1.692848603
5.15	1.463805445
5.20	1.599822913
5.25	1.44493324
5.30	1.676635276
5.35	1.808546168
5.40	1.580516653
5.45	1.49492825
5.50	1.197314185
5.55	1.360812748
5.60	1.329660936
5.65	1.227680049
5.70	1.612295929
5.75	1.59164184
5.80	1.410473654
5.85	1.504150588
5.90	1.426585223
5.95	1.452857231
6.00	1.271978813
6.05	1.245827726
6.10	1.201340245
6.15	1.368479148
6.20	1.443966449
6.25	1.270595669
6.30	1.755526658
6.35	1.660638241
6.40	1.381862031
6.45	1.640852034
6.50	1.557431287
6.55	1.424782447
6.60	1.641331133
6.65	2.104806131
6.70	1.478066548
6.75	1.365243286
6.80	1.228051277
6.85	1.339502398
6.90	1.448595729
6.95	1.599666815
7.00	1.643718581
7.05	1.512434898
7.10	1.396847117
7.15	1.531602454
7.20	1.882623773
7.25	1.386992057
7.30	1.355394188
7.35	1.476222518
7.40	1.245710603
7.45	1.313259687
7.50	1.562551077
7.55	1.49443229
7.60	1.494683824
7.65	1.506330135
7.70	1.226949939
7.75	1.487054168
7.80	1.537119772
7.85	1.915412364
7.90	1.831186251
7.95	1.470235238
8.00	1.524420687
8.05	1.429382624
8.10	1.755726261
8.15	1.607878258
8.20	1.544280064
8.25	1.556245733
8.30	1.786798508
8.35	1.34525973
8.40	1.44514302
8.45	1.401275512
8.50	1.123473702
8.55	1.555309357
8.60	1.712017291
8.65	1.894383251
8.70	1.71388749
8.75	2.187474991
8.80	1.258079583
8.85	1.71156821
8.90	1.924616354
8.95	1.865974685
9.00	2.299220564
9.05	2.242783439
9.10	2.628055284
9.15	2.643676605
9.20	2.11464916
9.25	2.406299526
9.30	2.311223096
9.35	2.223444735
9.40	1.510310545
9.45	1.420642824
9.50	1.301554542
9.55	1.633882232
9.60	1.839395227
9.65	1.443980766
9.70	1.188409029
9.75	1.313131313
9.80	1.323659951
9.85	1.330038742
9.90	1.32564806
9.95	1.10746292
10.00	1.211623897
10.05	1.226419302
10.10	
10.15	
10.20	
10.25	
10.30	
10.35	
10.40	1.308854907
10.45	1.531558159
10.50	1.770037096
10.55	1.826873157
10.60	1.98571175
10.65	2.051743207
10.70	1.808291751
10.75	1.78277147
10.80	1.76363829
10.85	1.357057667
10.90	1.545780091
10.95	1.827136386
11.00	1.304165619
11.05	1.436523014
11.10	1.244082204
11.15	1.446219368
11.20	1.473724429
11.25	1.59952651
11.30	1.254662977
11.35	1.426870099
11.40	1.409237151
11.45	1.905947888
11.50	2.467857921
11.55	2.165265569
11.60	1.891842168
11.65	1.564826012
11.70	1.770874617
11.75	1.742206093
11.80	1.991660452
11.85	1.852309212
11.90	2.093216655
11.95	1.39366313
12.00	1.521011408
12.05	1.724956634
12.10	1.567958986
12.15	1.130217947
12.20	1.352742902
12.25	1.375230535
12.30	1.335924603
12.35	1.450935712
12.40	1.229357566
12.45	1.508209058
12.50	1.631755435
12.55	1.304839891
12.60	1.50978863
12.65	1.220414557
12.70	1.121768613
12.75	1.428965942
12.80	1.345304315
12.85	1.363880066
12.90	1.55572802
12.95	1.508552888
13.00	1.674636388
13.05	1.558416725
13.10	1.426297688
13.15	1.41581391
13.20	1.510098139
13.25	1.593209538
13.30	1.276459604
13.35	1.385585369
13.40	1.28566534
13.45	1.442502903
13.50	1.856939839
13.55	1.811770384
13.60	1.169613069
13.65	1.59896857
13.70	1.460420327
13.75	1.470637839
13.80	1.414194567
13.85	1.216705137
13.90	1.254455967
13.95	1.762872345
14.00	1.667553153
14.05	1.454759043
14.10	1.401149429
14.15	1.912958287
14.20	1.955722752
14.25	1.726653279
14.30	1.615658509
14.35	1.324921343
14.40	1.567398119
14.45	1.487252125
14.50	1.149305533
14.55	1.257727941
14.60	1.70442113
14.65	1.506952274
14.70	1.754309609
14.75	1.642222854
14.80	1.699071174
14.85	1.541262903
14.90	1.509404198
14.95	1.710762156
15.00	1.257682058
15.05	1.427012223
15.10	1.342415524
15.15	1.65577716
15.20	1.554986803
15.25	1.15881196
15.30	1.444629598
15.35	1.293454432
15.40	1.279432286
15.45	1.201169835
15.50	1.282059222
15.55	1.38459567
15.60	1.303925991
15.65	1.481577111
15.70	1.396498013
15.75	1.257802892
15.80	1.464387446
15.85	1.439985894
15.90	1.268275724
15.95	1.268047429
16.00	1.51829021
16.05	1.426430436
16.10	1.169579552
16.15	1.418505614
16.20	1.314588843
16.25	1.403591948
16.30	1.177075983
16.35	1.229224271
16.40	1.330968533
16.45	1.233387424
16.50	1.215469268
16.55	1.513460863
16.60	1.088950555
16.65	1.356779658
16.70	1.254055147
16.75	1.544932307
16.80	1.379429261
16.85	1.340419306
16.90	1.173115179
16.95	1.282162726
17.00	1.311364127
17.05	1.367401875
17.10	1.500060384
17.15	1.322000071
17.20	1.519558894
17.25	1.631612492
17.30	1.377489343
17.35	1.438478014
17.40	1.667775175
17.45	1.464417563
17.50	1.468744623
17.55	1.329617463
17.60	1.340155141
17.65	1.610795057
17.70	1.290133711
17.75	1.202565906
17.80	1.100544446
17.85	1.486793773
17.90	1.44026249
17.95	1.527458698
18.00	1.284228074
18.05	1.531763199
18.10	1.288952679
18.15	1.366240491
18.20	1.363547595
18.25	1.269468779
18.30	1.334957429
18.35	1.295102892
18.40	1.547012945
18.45	1.36372278
18.50	1.749903755
18.55	1.66520979
18.60	2.127737226
18.65	1.519823565
18.70	1.348923738
18.75	1.283585547
18.80	1.338872723
18.85	1.521709725
18.90	1.367170525
18.95	1.488157149
19.00	1.444390948
19.05	1.305239605
19.10	1.241183155
19.15	1.305255288
19.20	1.239055014
19.25	1.573718894
19.30	1.326429615
19.35	1.324118007
19.40	1.542083134
19.45	1.541766169
19.50	1.446822366
19.55	1.648953785
19.60	1.689855427
19.65	1.341349721
19.70	1.486284352
19.75	1.322629945
19.80	1.480246208
19.85	1.097291082
19.90	1.435685903
19.95	1.241364756
20.00	1.244367352
20.05	1.229160148
20.10	1.591709021
20.15	1.221227381
20.20	1.417385334
20.25	1.185625489
20.30	1.65289794
20.35	1.432188111
20.40	1.231439233
20.45	1.220093229
20.50	1.405870304
20.55	1.363600411
20.60	1.376556781
20.65	1.183048739
20.70	1.291113909
20.75	1.582966245
20.80	1.533811232
20.85	1.752976408
20.90	1.661567592
20.95	1.396965965
21.00	1.357874276
21.05	1.343966146
21.10	1.249301172
21.15	1.460013988
21.20	1.466670468
21.25	1.296550184
21.30	1.38881969
21.35	1.3940004
21.40	1.063918158
21.45	1.792010107
21.50	1.313647657
21.55	1.195368953
21.60	1.29846107
21.65	1.407301185
21.70	1.257661717
21.75	1.399211098
21.80	1.390266736
21.85	1.313579696
21.90	1.632382033
21.95	1.575391022
22.00	1.44115773
22.05	1.525009467
22.10	1.650688619
22.15	1.636805583
22.20	1.753060685
22.25	1.060611385
22.30	1.291022231
22.35	1.413413689
22.40	1.450963112
22.45	1.362028375
22.50	1.485120418
22.55	1.630780565
22.60	1.686969672
22.65	1.30936537
22.70	1.721456128
22.75	1.498492795
22.80	1.571610866
22.85	1.735969561
22.90	1.494710889
22.95	1.600810809
23.00	1.410700712
23.05	1.291763575
23.10	1.533612191
23.15	1.694096408
23.20	1.571454049
23.25	1.500342506
23.30	1.208632376
23.35	1.451289367
23.40	1.424962026
23.45	1.606939055
23.50	1.631888825
23.55	1.589270771
23.60	1.471862036
23.65	1.201657638
23.70	1.247026322
23.75	1.403399871
23.80	1.535930535
23.85	1.421678301
23.90	1.78280276
23.95	1.56910465
24.00	1.058234386
24.05	1.009380163
24.10	1.293342366
24.15	1.296759382
24.20	1.006013939
24.25	1.223505575
24.30	1.725301098
24.35	2.540840056
24.40	2.865884358
24.45	1.958301298
24.50	1.52726162
24.55	1.678135069
24.60	1.095877864
24.65	1.35089709
24.70	1.381300833
24.75	1.388306046
24.80	1.556265625
24.85	1.428475846
24.90	1.232421012
24.95	1.226239565
25.00	1.261171967
25.05	1.358713707
25.10	1.414155282
25.15	1.657715869
25.20	1.379401775
25.25	1.376790067
25.30	1.02030764
25.35	1.356326293
25.40	1.504750766
25.45	1.456002672
25.50	1.536683303
25.55	1.469107202
25.60	1.432091267
25.65	1.449492848
25.70	1.663538964
25.75	2.456391548
25.80	1.910460958
25.85	1.977615572
25.90	1.919997682
25.95	2.560232201
26.00	2.24157933
26.05	1.385233412
26.10	1.304996271
26.15	1.685252136
26.20	1.616697659
26.25	2.302343997
26.30	1.818628848
26.35	1.685543907
26.40	1.536160291
26.45	1.368679388
26.50	2.330907009
26.55	2.717020532
26.60	1.678490249
26.65	1.446365369
26.70	1.134038886
26.75	1.262837777
26.80	1.469118328
26.85	1.434330519
26.90	1.756932244
26.95	1.478044674
27.00	1.338897694
27.05	1.176797688
27.10	1.321506761
27.15	1.351456626
27.20	1.920490839
27.25	2.22032589
27.30	2.438470457
27.35	2.117680887
27.40	1.883532324
27.45	2.266016297
27.50	1.931623179
27.55	1.737780213
27.60	1.413230659
27.65	1.578292209
27.70	1.659269375
27.75	1.565690007
27.80	1.653741072
27.85	1.651349093
27.90	1.338445002
27.95	1.007414845
28.00	2.075820104
28.05	2.338879061
28.10	2.487957228
28.15	1.957547718
28.20	1.58301254
28.25	1.493783512
28.30	1.241289813
28.35	1.840671983
28.40	1.832555327
28.45	1.468238693
28.50	1.464038539
28.55	1.39049487
28.60	1.595559401
28.65	1.701615317
28.70	1.814907867
28.75	1.834567588
28.80	1.908173164
28.85	1.966981083
28.90	1.485859515
28.95	1.337610265
29.00	1.619689033
29.05	2.017958726
29.10	2.598106771
29.15	1.961918486
29.20	1.913812675
29.25	2.12663703
29.30	1.86444269
29.35	1.737706748
29.40	2.535715094
29.45	2.598180845
29.50	2.582394804
29.55	2.564315027
29.60	2.730816445
29.65	2.840741764
29.70	2.478960616
29.75	2.593593079
29.80	2.400535504
29.85	2.137026857
29.90	1.609234223
29.95	1.428274559
30.00	1.737655123
30.05	1.897183303
30.10	1.832528808
30.15	1.965937293
30.20	1.641252126
30.25	1.674649636
30.30	1.318998641
30.35	1.516321918
30.40	1.823427294
30.45	1.447549015
30.50	1.207433201
30.55	1.501385647
30.60	1.194670425
30.65	1.461189535
30.70	1.398483134
30.75	1.424454345
30.80	1.408708684
30.85	1.337852301
30.90	1.32196668
30.95	0.943967574
31.00	1.200078054
31.05	1.440285753
31.10	1.277479627
31.15	1.756607839
31.20	1.463178788
31.25	1.313257603
31.30	1.494539782
31.35	1.682403544
31.40	1.461967349
31.45	1.528266069
31.50	1.630984844
31.55	1.413272196
31.60	1.545590098
31.65	1.498375002
31.70	2.169197397
31.75	2.00008715
31.80	1.708009062
31.85	1.736864959
31.90	1.837779258
31.95	1.802507565
32.00	1.526896471
32.05	1.13104842
32.10	1.42024094
32.15	1.43701517
32.20	1.535182603
32.25	1.323977648
32.30	1.400419182
32.35	1.38346585
32.40	1.194992104
32.45	1.399167243
32.50	1.526567194
32.55	1.584525223
32.60	1.180759894
32.65	1.817106942
32.70	1.680926149
32.75	1.451368874
32.80	1.686347089
32.85	1.358087449
32.90	1.563488814
32.95	1.351088136
33.00	1.294859256
33.05	1.334330461
33.10	1.676578107
33.15	1.226746979
33.20	1.429035616
33.25	1.28153758
33.30	1.235978262
33.35	1.183495277
33.40	1.207408734
33.45	1.378573735
33.50	1.251264831
33.55	1.714948987
33.60	1.44002304
33.65	1.347628069
33.70	1.512628962
33.75	1.604179887
33.80	1.347802702
33.85	1.401395714
33.90	1.168071437
33.95	1.293406899
34.00	1.429674513
34.05	1.91339446
34.10	1.604575096
34.15	1.406015159
34.20	1.433944675
34.25	1.467376237
34.30	1.629587094
34.35	2.189384133
34.40	1.952779077
34.45	1.485776116
34.50	1.460135745
34.55	1.529962049
34.60	1.29180422
34.65	1.722158439
34.70	1.608572747
34.75	1.800785877
34.80	1.435431673
34.85	1.456018319
34.90	1.532704647
34.95	1.261129302
35.00	1.230589301
35.05	1.041309431
35.10	1.310457193
35.15	1.498257952
35.20	1.477002535
35.25	1.572843868
35.30	1.316814422
35.35	1.510317889
35.40	1.46912335
35.45	1.886994746
35.50	1.742436243
35.55	1.435039401
35.60	1.579195636
35.65	1.31397622
35.70	1.03114457
35.75	1.340251033
35.80	1.126901246
35.85	1.58538001
35.90	1.910333294
35.95	1.501245932
36.00	1.117626149
36.05	1.328025388
36.10	1.117053686
36.15	1.136981863
36.20	1.255403097
36.25	1.453337486
36.30	1.609301205
36.35	1.464595398
36.40	1.44405212
36.45	1.316126312
36.50	1.347972674
36.55	1.443274577
36.60	1.267357662
36.65	1.734386009
36.70	1.793408294
36.75	1.597759126
36.80	1.395056329
36.85	1.525896898
36.90	1.483400539
36.95	1.645651398
37.00	1.459578323
37.05	1.459796932
37.10	1.298147781
37.15	1.319624272
37.20	1.539568921
37.25	1.375861567
37.30	1.556946701
37.35	1.276253545
37.40	1.502258202
37.45	1.66483966
37.50	1.206467938
37.55	1.385510542
37.60	1.115156092
37.65	0.952306612
37.70	1.341751895
37.75	1.328194445
37.80	1.046490246
37.85	1.637210864
37.90	1.383453399
37.95	1.349196615
38.00	1.172964138
38.05	1.521985505
38.10	1.399352018
38.15	1.781622092
38.20	1.708636448
38.25	1.619087861
38.30	1.493535444
38.35	1.251159261
38.40	1.438559782
38.45	1.744488858
38.50	1.54032381
38.55	1.513376445
38.60	1.276816343
38.65	1.446124182
38.70	1.203682401
38.75	1.887446811
38.80	2.17321118
38.85	2.55438789
38.90	2.244814911
38.95	2.535790588
39.00	2.256459248
39.05	3.133396294
39.10	2.917704785
39.15	3.242115517
39.20	3.281520499
39.25	2.361488362
39.30	1.742154897
39.35	1.709445604
39.40	3.581301835
39.45	3.554635369
39.50	2.477197083
39.55	1.77524468
39.60	1.57450679
39.65	1.929792318
39.70	1.617242093
39.75	1.680880867
39.80	2.087454549
39.85	1.90207054
39.90	1.43798998
39.95	1.635505974
40.00	1.715142256
40.05	1.67167557
40.10	1.40553653
40.15	1.998670223
40.20	2.26833322
40.25	1.986883688
40.30	1.743311495
40.35	1.659324813
40.40	1.734644673
40.45	1.697522333
40.50	2.007001659
40.55	1.702787382
40.60	1.725910693
40.65	1.729196751
40.70	1.62588381
40.75	1.613517693
40.80	1.544136295
40.85	1.739436994
40.90	1.653344525
40.95	1.416061922
41.00	1.4329289
41.05	1.509697687
41.10	1.692942894
41.15	1.407459536
41.20	1.507806237
41.25	1.693220157
41.30	1.825559077
41.35	2.102107179
41.40	1.467983869
41.45	1.323932524
41.50	1.004759387
41.55	1.271472029
41.60	1.439109081
41.65	1.624997697
41.70	1.212574137
41.75	1.568174315
41.80	
41.85	
41.90	
41.95	
42.00	
42.05	
42.10	
42.15	
42.20	
42.25	
42.30	
42.35	
42.40	
42.45	
42.50	
42.55	
42.60	
42.65	
42.70	
42.75	
42.80	1.359692808
42.85	1.159148259
42.90	1.244328016
42.95	1.310109051
43.00	1.549559509
43.05	1.926824055
43.10	1.125011112
43.15	1.152661977
43.20	1.115776225
43.25	1.064170703
43.30	1.245865845
43.35	1.336017844
43.40	1.677294513
43.45	1.8489765
43.50	1.760350353
43.55	1.958025517
43.60	2.367303961
43.65	2.508457794
43.70	2.107596212
43.75	1.946727065
43.80	2.529055176
43.85	2.504264357
43.90	2.465305082
43.95	2.18264158
44.00	2.088327159
44.05	1.503888774
44.10	1.708570587
44.15	1.595342317
44.20	1.402957623
44.25	1.26401513
44.30	1.455426754
44.35	1.446707269
44.40	1.435258428
44.45	1.445471188
44.50	1.395204034
44.55	1.309683916
44.60	1.718337373
44.65	1.531585564
44.70	1.633997022
44.75	1.340140396
44.80	1.767159115
44.85	1.568116399
44.90	1.375149276
44.95	1.641354216
45.00	2.07243974
45.05	1.831239807
45.10	1.263251444
45.15	1.764004768
45.20	1.43229865
45.25	1.341931873
45.30	1.512750088
45.35	1.484693977
45.40	1.552968403
45.45	1.526868454
45.50	1.188149558
45.55	1.014354132
45.60	1.335413672
45.65	1.702964923
45.70	1.392210513
45.75	1.422840158
45.80	1.296210692
45.85	1.091124385
45.90	1.395550084
45.95	1.387549754
46.00	1.463848236
46.05	1.734818675
46.10	1.545879365
46.15	2.519053831
46.20	1.92442339
46.25	1.505596055
46.30	1.483711898
46.35	2.106946935
46.40	1.403371355
46.45	1.200037501
46.50	1.153208166
46.55	1.307999222
46.60	1.113451389
46.65	1.323485316
46.70	1.447846824
46.75	1.512890801
46.80	1.574352369
46.85	1.679360825
46.90	1.279787297
46.95	1.610295309
47.00	1.439603492
47.05	1.428261141
47.10	1.376669612
47.15	1.457243161
47.20	1.31254301
47.25	1.257936194
47.30	1.239093728
47.35	1.535897092
47.40	1.467782181
47.45	1.608611864
47.50	1.103105048
47.55	1.18983411
47.60	1.591726759
47.65	1.551366073
47.70	1.752164771
47.75	1.719546527
47.80	1.515260323
47.85	1.79929256
47.90	2.148341199
47.95	1.956808839
48.00	2.235719095
48.05	1.609953628
48.10	1.241970976
48.15	1.4336399
48.20	1.336634964
48.25	1.330475993
48.30	1.448515103
48.35	1.555374881
48.40	1.698934371
48.45	1.831681779
48.50	1.524847515
48.55	1.681229952
48.60	1.292120313
48.65	1.429965167
48.70	1.659496005
48.75	1.382792613
48.80	1.637677886
48.85	1.331469054
48.90	1.46546223
48.95	1.665520228
49.00	1.237106725
49.05	1.519516083
49.10	1.221895601
49.15	1.052076172
49.20	1.234039589
49.25	1.281208827
49.30	1.56497214
49.35	1.437587901
49.40	1.759055973
49.45	1.419929004
49.50	1.568624747
49.55	1.570624743
49.60	1.777096107
49.65	1.426649674
49.70	1.926574182
49.75	1.760539943
49.80	1.633524131
49.85	1.367829164
49.90	1.70038409
49.95	1.141082719
50.00	1.041481599
50.05	1.133109395
50.10	1.30055099
50.15	1.280397184
50.20	1.409777692
50.25	1.716872715
50.30	1.418177541
50.35	1.250802995
50.40	1.274469989
50.45	1.662637478
50.50	1.694217955
50.55	1.495621819
50.60	1.63263444
50.65	1.571468482
50.70	1.54145253
50.75	1.645793606
50.80	1.592615572
50.85	1.492648201
50.90	1.643136204
50.95	1.554848626
51.00	1.398790129
51.05	1.53264696
51.10	1.575164053
51.15	1.336005344
51.20	1.517819596
51.25	1.407777731
51.30	1.173508981
51.35	1.452919988
51.40	1.655566725
51.45	1.664877313
51.50	1.479752728
51.55	1.567267298
51.60	1.256250462
51.65	1.302059113
51.70	1.540586316
51.75	1.489203276
51.80	1.279942112
51.85	1.119700894
51.90	1.252488414
51.95	1.352303497
52.00	1.413072038
52.05	1.330534283
52.10	1.560988196
52.15	1.42818973
52.20	1.383633121
52.25	1.313864748
52.30	1.489810531
52.35	1.143401011
52.40	1.157197674
52.45	1.20818192
52.50	1.444523493
52.55	1.150202766
52.60	1.359738782
52.65	1.528319394
52.70	1.236028519
52.75	1.502991904
52.80	1.734247531
52.85	1.233731596
52.90	1.67286832
52.95	1.710205188
53.00	1.59440203
53.05	1.263167692
53.10	1.379787269
53.15	1.25685373
53.20	1.35282181
53.25	1.768009901
53.30	1.651323705
53.35	1.599825076
53.40	1.929990539
53.45	2.197314998
53.50	2.704072398
53.55	2.107741615
53.60	1.612755891
53.65	1.877489818
53.70	1.472842113
53.75	1.463011056
53.80	1.371991269
53.85	1.538716782
53.90	1.510793457
53.95	1.347838029
54.00	1.085637652
54.05	1.26443241
54.10	1.361809111
54.15	1.333139187
54.20	1.661926236
54.25	1.864182004
54.30	1.249860945
54.35	1.395668985
54.40	1.415962619
54.45	1.484293855
54.50	1.521238968
54.55	1.692826479
54.60	1.431086147
54.65	1.386237615
54.70	1.510248805
54.75	1.766433722
54.80	2.039101934
54.85	1.502448686
54.90	1.482386054
54.95	1.41915341
55.00	1.405030573
55.05	1.440281213
55.10	1.259620389
55.15	1.372522764
55.20	1.627443451
55.25	1.455581773
55.30	1.275008602
55.35	1.749491266
55.40	1.734775506
55.45	1.636535107
55.50	1.471378765
55.55	1.519299758
55.60	1.045552165
55.65	1.106693318
55.70	1.253885979
55.75	1.221839222
55.80	1.361956436
55.85	1.515282847
55.90	1.317849397
55.95	1.272470459
56.00	1.476049452
56.05	1.410242955
56.10	1.625762851
56.15	1.538198013
56.20	1.468841803
56.25	1.679639919
56.30	1.760226669
56.35	1.784534513
56.40	1.542049045
56.45	1.441917464
56.50	1.403234628
56.55	1.371241123
56.60	1.377829651
56.65	1.337622425
56.70	1.333414731
56.75	1.529452469
56.80	1.521704835
56.85	1.432475246
56.90	1.33939354
56.95	1.36869066
57.00	1.445808883
57.05	1.611477549
57.10	1.703713393
57.15	1.652592504
57.20	1.523599372
57.25	1.416440478
57.30	1.718024637
57.35	1.425093522
57.40	1.621634761
57.45	1.701693185
57.50	1.433638137
57.55	1.479850169
57.60	1.877857025
57.65	1.465465011
57.70	1.513160232
57.75	1.322110711
57.80	1.35451904
57.85	1.457638225
57.90	1.552374897
57.95	1.234531993
58.00	1.288767327
58.05	1.155585175
58.10	1.361295184
58.15	1.406703543
58.20	1.51621465
58.25	1.396011131
58.30	1.395002119
58.35	1.57489928
58.40	1.671009843
58.45	1.523171866
58.50	1.581759035
58.55	1.616034118
58.60	1.292346546
58.65	1.696848122
58.70	1.601319214
58.75	2.228548018
58.80	2.092638715
58.85	1.531905678
58.90	1.689684414
58.95	1.689028217
59.00	1.477447676
59.05	1.553585025
59.10	1.863494262
59.15	2.258411834
59.20	1.954185577
59.25	1.484693977
59.30	1.633666601
59.35	1.727390504
59.40	1.882114673
59.45	2.491935017
59.50	2.058670042
59.55	3.285537109
59.60	2.308544693
59.65	1.931343424
59.70	1.641289239
59.75	1.594436273
59.80	1.361210051
59.85	1.558505123
59.90	1.353216414
59.95	1.588986655
60.00	1.435089785
60.05	1.638476384
60.10	1.721218178
60.15	1.928268415
60.20	2.036867714
60.25	1.952925923
60.30	1.720611073
60.35	1.524795546
60.40	1.35543634
60.45	1.846316461
60.50	1.555528965
60.55	1.606990901
60.60	1.412922583
60.65	1.718635752
60.70	2.183359529
60.75	1.725079593
60.80	1.774925321
60.85	1.601594476
60.90	1.636286505
60.95	2.519682684
61.00	1.70984851
61.05	1.456252176
61.10	1.284001014
61.15	1.512290946
61.20	1.360629723
61.25	1.590785855
61.30	1.431914815
61.35	1.371809802
61.40	1.206055773
61.45	1.423170411
61.50	1.335475988
61.55	1.529533768
61.60	1.555297816
61.65	1.488754153
61.70	1.276667994
61.75	1.522635039
61.80	1.331349851
61.85	1.276095149
61.90	1.392874687
61.95	1.430231807
62.00	1.43068339
62.05	1.45137881
62.10	1.248486328
62.15	1.689110225
62.20	1.463050915
62.25	1.275624178
62.30	1.20446861
62.35	1.385973327
62.40	1.28096299
62.45	1.51669946
62.50	1.496892214
62.55	1.45960581
62.60	1.211440439
62.65	1.306027967
62.70	1.608387631
62.75	1.492606468
62.80	1.196867081
62.85	1.345384833
62.90	1.409869702
62.95	1.519846954
63.00	1.487398942
63.05	1.408734776
63.10	1.362410563
63.15	1.392496503
63.20	1.680097168
63.25	1.505281054
63.30	1.606370262
63.35	1.411349237
63.40	1.628024477
63.45	1.285667146
63.50	1.365474339
63.55	1.393348464
63.60	1.506962548
63.65	1.334731003
63.70	1.465732464
63.75	1.452218167
63.80	1.547713806
63.85	1.354307415
63.90	1.479408109
63.95	1.790783435
64.00	1.896457541
64.05	1.505232228
64.10	1.699313688
64.15	1.360517837
64.20	1.724882826
64.25	1.347289532
64.30	1.295191441
64.35	1.382200539
64.40	1.367937433
64.45	1.606029566
64.50	1.281538667
64.55	1.656365296
64.60	1.325871604
64.65	1.552651588
64.70	1.641440445
64.75	1.785931729
64.80	1.67174455
64.85	1.901730836
64.90	1.669395383
64.95	1.469236062
65.00	1.261946797
65.05	1.376379098
65.10	1.207676976
65.15	1.401517847
65.20	1.381651303
65.25	1.384807127
65.30	1.34917848
65.35	1.501125079
65.40	1.39484583
65.45	1.31874263
65.50	1.453313522
65.55	1.616801778
65.60	1.348570747
65.65	1.954268622
65.70	1.612861268
65.75	1.787193067
65.80	1.371331348
65.85	2.008217728
65.90	2.229977791
65.95	2.276895473
66.00	2.324467055
66.05	1.514849823
66.10	1.415101366
66.15	1.482875737
66.20	1.354281287
66.25	1.166253756
66.30	1.239214701
66.35	1.260417072
66.40	1.268994451
66.45	1.423742572
66.50	1.287107369
66.55	1.309621626
66.60	1.361977059
66.65	1.140597907
66.70	1.292722339
66.75	1.279140612
66.80	1.193498621
66.85	1.234560318
66.90	1.196930913
66.95	1.164071207
67.00	1.472116384
67.05	1.683621206
67.10	1.51909417
67.15	1.902457243
67.20	2.179295283
67.25	1.951526597
67.30	1.688477724
67.35	1.601829811
67.40	1.530218933
67.45	1.773606933
67.50	1.387103441
67.55	1.447433218
67.60	1.094416197
67.65	1.508216329
67.70	1.723465399
67.75	1.85724709
67.80	2.086457287
67.85	2.03008557
67.90	1.993979135
67.95	2.10770472
68.00	1.753567058
68.05	1.594209442
68.10	1.489827121
68.15	1.596575621
68.20	1.561527418
68.25	1.68824955
68.30	1.54976814
68.35	1.497615447
68.40	1.524693859
68.45	1.442438757
68.50	1.392384354
68.55	1.460003411
68.60	1.587433097
68.65	1.349368953
68.70	1.220348365
68.75	1.224074617
68.80	1.657246529
68.85	1.602665264
68.90	1.309854506
68.95	1.270315582
69.00	1.609388836
69.05	1.509332302
69.10	1.476784501
69.15	1.284394606
69.20	1.736887048
69.25	1.711291217
69.30	1.560041422
69.35	1.373667196
69.40	1.520635808
69.45	1.370124904
69.50	1.293591673
69.55	1.383873346
69.60	1.056602835
69.65	1.215066829
69.70	1.136338317
69.75	1.430341431
69.80	1.546486331
69.85	1.335923003
69.90	1.413689278
69.95	1.668647051
70.00	1.621731198
70.05	1.438388477
70.10	1.488464401
70.15	1.413026375
70.20	1.596023343
70.25	1.471697532
70.30	1.320584142
70.35	1.35108993
70.40	1.227209507
70.45	1.338326515
70.50	1.418139553
70.55	1.513370741
70.60	1.387331751
70.65	1.358445314
70.70	1.230163612
70.75	1.278031647
70.80	1.70013453
70.85	1.624618322
70.90	1.56269668
70.95	1.607401642
71.00	1.38297839
71.05	1.255226264
71.10	1.567848893
71.15	1.527881474
71.20	1.50085421
71.25	1.505284544
71.30	1.326865769
71.35	1.224265749
71.40	1.661945231
71.45	1.513987363
71.50	1.400987363
71.55	1.780730553
71.60	1.682279457
71.65	1.772185974
71.70	1.854298718
71.75	1.592948059
71.80	1.503535498
71.85	1.438593225
71.90	
71.95	
72.00	
72.05	
72.10	1.325829875
72.15	1.193447249
72.20	1.80402974
72.25	1.565566501
72.30	1.456908389
72.35	1.454068541
72.40	1.424234236
72.45	1.3318137
72.50	1.784015224
72.55	1.698823703
72.60	1.228081515
72.65	1.591570339
72.70	1.500701941
72.75	1.726604345
72.80	1.636790111
72.85	2.011523765
72.90	1.747565033
72.95	1.685230957
73.00	1.982711068
73.05	1.515246476
73.10	1.761523896
73.15	1.741544489
73.20	1.454141308
73.25	1.586689233
73.30	1.366835791
73.35	1.288313919
73.40	1.547410666
73.45	1.299228583
73.50	1.612631224
73.55	1.536947629
73.60	1.658445037
73.65	1.452055165
73.70	1.7872438
73.75	1.301684291
73.80	1.485814236
73.85	1.284849562
73.90	1.457769612
73.95	1.460405473
74.00	1.277310296
74.05	1.476356806
74.10	1.495553116
74.15	1.350111756
74.20	1.469916705
74.25	1.438368812
74.30	1.296495131
74.35	1.58728656
74.40	1.464819255
74.45	1.56516239
74.50	1.580465051
74.55	1.369316491
74.60	1.406314449
74.65	1.465302391
74.70	1.405311748
74.75	1.278749855
74.80	1.421009388
74.85	1.616671534
74.90	1.425847042
74.95	1.336593317
75.00	1.260264442
75.05	1.223489774
75.10	1.174916011
75.15	1.651803557
75.20	1.288342219
75.25	1.320938731
75.30	1.462464437
75.35	1.181768232
75.40	1.303797428
75.45	1.385906695
75.50	1.424365845
75.55	1.321975576
75.60	1.337065701
75.65	1.360471093
75.70	1.241526159
75.75	1.266833378
75.80	1.373277046
75.85	1.476906552
75.90	1.236426557
75.95	1.569601822
76.00	1.786983585
76.05	1.248528399
76.10	1.56363081
76.15	1.538726751
76.20	1.542637943
76.25	1.263131369
76.30	1.455387152
76.35	1.347208341
76.40	1.875110419
76.45	1.629472496
76.50	1.654139083
76.55	1.329203768
76.60	1.332859981
76.65	1.601271048
76.70	1.243510919
76.75	1.566197534
76.80	1.392558515
76.85	1.531422641
76.90	1.560032294
76.95	1.570959592
77.00	1.586983338
77.05	1.306245486
77.10	1.254572996
77.15	1.514544677
77.20	1.631424666
77.25	1.630000311
77.30	1.372961285
77.35	1.572674943
77.40	1.665065423
77.45	1.412396598
77.50	1.265593925
77.55	1.730041449
77.60	1.821474298
77.65	1.752136752
77.70	2.085078833
77.75	1.651463337
77.80	1.577629218
77.85	1.549286076
77.90	1.446151664
77.95	1.103547471
78.00	1.269994672
78.05	1.344484339
78.10	1.407826391
78.15	1.324080817
78.20	1.343258361
78.25	1.126657861
78.30	1.538254536
78.35	1.908372667
78.40	2.100202677
78.45	1.894021963
78.50	1.938426454
78.55	1.329305977
78.60	1.280985674
78.65	1.505473688
78.70	1.38391026
78.75	1.528132967
78.80	1.508884907
78.85	1.424021108
78.90	1.703107354
78.95	1.615521524
79.00	1.645711015
79.05	1.385060042
79.10	1.411819212
79.15	1.442746889
79.20	1.412119727
79.25	1.385817944
79.30	1.217025912
79.35	1.294266145
79.40	1.281566798
79.45	1.65972349
79.50	1.438623525
79.55	1.243214516
79.60	1.20772565
79.65	1.135031307
79.70	1.253969854
79.75	1.252310998
79.80	1.405363221
79.85	1.310807337
79.90	1.387979573
79.95	1.572125473
80.00	1.303805963
80.05	1.325304586
80.10	1.456645947
80.15	1.51083607
80.20	1.689199896
80.25	1.566511188
80.30	1.241054473
80.35	1.916448721
80.40	2.50734629
80.45	1.967699457
80.50	1.777537496
80.55	1.295785683
80.60	1.593467945
80.65	1.36030659
80.70	1.305847437
80.75	1.46522388
80.80	1.949621503
80.85	1.335897907
80.90	1.559017883
80.95	1.687553876
81.00	1.467459334
81.05	1.330481553
81.10	1.395479511
81.15	1.639344262
81.20	1.516534779
81.25	1.301214054
81.30	1.258470773
81.35	1.188749821
81.40	1.138948581
81.45	1.153111375
81.50	1.293533564
81.55	1.272934501
81.60	1.244660254
81.65	1.096238354
81.70	1.245393154
81.75	1.425523508
81.80	1.315684172
81.85	1.22642362
81.90	1.226048381
81.95	1.235307675
82.00	1.145457545
82.05	1.404075941
82.10	1.248071889
82.15	1.376161039
82.20	1.073119282
82.25	1.299774367
82.30	1.282613284
82.35	1.476135279
82.40	1.40291807
82.45	1.544052573
82.50	1.865424771
82.55	1.495609087
82.60	1.518538276
82.65	1.413603858
82.70	1.396738149
82.75	1.202178285
82.80	1.464684822
82.85	1.649079692
82.90	1.572311721
82.95	1.355039472
83.00	1.602564103
83.05	1.570612539
83.10	1.337318304
83.15	1.669951217
83.20	1.400705205
83.25	1.482637009
83.30	1.48611033
83.35	1.800033835
83.40	1.436826488
83.45	1.532886926
83.50	1.24479901
83.55	1.573510061
83.60	1.280599265
83.65	1.323113111
83.70	1.651639107
83.75	1.514035137
83.80	1.51407443
83.85	1.516589442
83.90	1.318542546
83.95	1.357432636
84.00	1.489857161
84.05	1.274856692
84.10	1.191869013
84.15	1.616917124
84.20	1.722013009
84.25	1.445146902
84.30	1.163128817
84.35	1.326988051
84.40	1.136894373
84.45	1.476485656
84.50	1.557902561
84.55	1.728220811
84.60	1.428371019
84.65	1.720229904
84.70	2.038704549
84.75	1.541039185
84.80	1.576176374
84.85	1.431783676
84.90	1.306710591
84.95	1.293085776
85.00	1.454438338
85.05	1.104465283
85.10	1.447472181
85.15	1.308900524
85.20	1.401199949
85.25	1.394996424
85.30	1.444778822
85.35	1.375781109
85.40	1.284883812
85.45	1.613074991
85.50	1.741279178
85.55	1.679059727
85.60	1.550034192
85.65	1.580186698
85.70	1.444721129
85.75	1.301076688
85.80	1.279065328
85.85	1.409150652
85.90	1.607273158
85.95	1.670912776
86.00	1.304694409
86.05	1.425897598
86.10	1.383625466
86.15	1.654351282
86.20	1.449868025
86.25	1.340104829
86.30	1.298697292
86.35	1.201682971
86.40	1.40015495
86.45	1.875415665
86.50	1.279125724
86.55	1.627732265
86.60	1.330892873
86.65	1.172162692
86.70	1.485724591
86.75	1.088335976
86.80	1.214414013
86.85	1.246117623
86.90	1.067544425
86.95	1.194186351
87.00	1.450581927
87.05	1.531772788
87.10	1.203302904
87.15	1.077054527
87.20	1.2834722
87.25	1.71327742
87.30	1.765346395
87.35	1.65638544
87.40	1.513836396
87.45	1.834083262
87.50	1.697646427
87.55	1.683969902
87.60	1.447392454
87.65	1.363528762
87.70	1.353150575
87.75	1.442301902
87.80	1.153578791
87.85	1.330359963
87.90	1.751883549
87.95	1.734000633
88.00	2.078395302
88.05	1.638922574
88.10	1.411851367
88.15	1.479160937
88.20	1.411659333
88.25	1.548472784
88.30	1.422774286
88.35	1.455590317
88.40	1.544888671
88.45	1.416444337
88.50	1.25010874
88.55	1.137049473
88.60	1.314197439
88.65	1.191990317
88.70	1.160370696
88.75	1.220206356
88.80	1.45803528
88.85	1.364575745
88.90	1.794546749
88.95	1.371812789
89.00	1.573342071
89.05	1.588190444
89.10	1.362058846
89.15	1.456245138
89.20	1.769815383
89.25	1.55077587
89.30	1.611193835
89.35	1.601084449
89.40	1.230376329
89.45	1.30878688
89.50	1.550829842
89.55	1.270409796
89.60	1.37067938
89.65	1.533903737
89.70	1.543354851
89.75	1.539373573
89.80	1.464922889
89.85	1.602674896
89.90	1.519944681
89.95	1.35126918
90.00	1.465490331
90.05	1.282018735
90.10	1.443802054
90.15	1.283973106
90.20	1.248422826
90.25	1.222426152
90.30	1.342432039
90.35	1.23802656
90.40	1.570567379
90.45	1.227733591
90.50	1.415892753
90.55	1.246017839
90.60	1.22842497
90.65	1.529384642
90.70	1.420850738
90.75	1.473221369
90.80	1.533865116
90.85	1.258168588
90.90	1.449444769
90.95	1.704430032
91.00	2.410291517
91.05	1.892107134
91.10	1.743376598
91.15	1.57533791
91.20	1.098029021
91.25	1.029994994
91.30	1.567798615
91.35	1.405645626
91.40	1.616575372
91.45	1.446659283
91.50	1.387264971
91.55	1.327914866
91.60	1.751707068
91.65	1.597984368
91.70	1.606352765
91.75	1.534979643
91.80	1.306771799
91.85	1.250082037
91.90	1.560416489
91.95	1.40680245
92.00	1.494973153
92.05	1.472703716
92.10	1.181120815
92.15	1.333333333
92.20	1.280021767
92.25	1.461125629
92.30	1.70408568
92.35	1.124800785
92.40	1.395802987
92.45	1.546954623
92.50	1.440620937
92.55	1.595370892
92.60	1.309734399
92.65	1.253891672
92.70	1.584817449
92.75	1.259763991
92.80	1.463558044
92.85	1.331885866
92.90	1.757365525
92.95	1.613389824
93.00	1.500071743
93.05	1.735576065
93.10	1.639403865
93.15	1.681987629
93.20	1.345150678
93.25	1.535835007
93.30	1.392017997
93.35	1.451874626
93.40	1.216568655
93.45	1.609277613
93.50	1.329436708
93.55	1.287943743
93.60	0.988378853
93.65	1.156157198
93.70	1.446631254
93.75	1.606448518
93.80	1.622490161
93.85	1.511777952
93.90	1.43592497
93.95	1.279090756
94.00	1.426608734
94.05	1.955858828
94.10	1.479964281
94.15	1.207710072
94.20	1.163336331
94.25	1.55456524
94.30	1.228468509
94.35	1.3765047
94.40	1.611731816
94.45	1.398563873
94.50	1.407958494
94.55	1.648484374
94.60	1.607497419
94.65	1.495429928
94.70	1.450030444
94.75	1.342462898
94.80	1.487375558
94.85	1.484828724
94.90	1.413486068
94.95	1.513140835
95.00	1.489852483
95.05	1.542973184
95.10	1.379263737
95.15	1.393629822
95.20	1.531299391
95.25	1.292705448
95.30	1.350672794
95.35	1.394499863
95.40	1.27652835
95.45	1.440940051
95.50	1.53794426
95.55	1.653393324
95.60	1.42247058
95.65	1.868311206
95.70	1.386681424
95.75	1.431386519
95.80	1.323254439
95.85	1.368653422
95.90	1.47378493
95.95	1.621612803
96.00	1.726587772
96.05	1.412959639
96.10	1.207319007
96.15	1.405156795
96.20	1.293932157
96.25	1.278439661
96.30	1.280068946
96.35	1.608115991
96.40	1.500370113
96.45	1.817231095
96.50	1.523176732
96.55	1.507626818
96.60	1.761874198
96.65	1.337995561
96.70	1.372866038
96.75	1.547948494
96.80	1.841248933
96.85	2.548025996
96.90	3.214848173
96.95	3.360442226
97.00	1.720248551
97.05	1.595920182
97.10	1.511510466
97.15	1.525547626
97.20	1.412042403
97.25	1.406161794
97.30	1.65326042
97.35	1.223981885
97.40	1.56038496
97.45	1.591474337
97.50	1.373116482
97.55	1.35343012
97.60	1.634033051
97.65	1.22427926
97.70	1.543766728
97.75	1.385924813
97.80	1.568368352
97.85	1.600069049
97.90	1.431300864
97.95	1.644398767
98.00	1.255244355
98.05	1.283133547
98.10	1.255139843
98.15	1.3784917
98.20	1.431317361
98.25	1.818671008
98.30	1.521696133
98.35	1.479491522
98.40	1.458350635
98.45	1.615524328
98.50	1.502127206
98.55	1.396902924
98.60	1.57697177
98.65	1.699023906
98.70	1.576148327
98.75	1.533443917
98.80	2.709097148
98.85	2.068687047
98.90	1.299140287
98.95	1.28098309
99.00	1.393090142
99.05	1.229363695
99.10	1.385581018
99.15	1.64468966
99.20	1.791534528
99.25	1.807002054
99.30	1.737422088
99.35	1.557407687
99.40	1.62827641
99.45	1.104910787
99.50	1.332608808
99.55	1.239591766
99.60	1.387394918
99.65	1.186028199
99.70	1.458542965
99.75	1.478083256
99.80	1.09419312
99.85	1.360642591
99.90	1.742794026
99.95	1.451684433
100.00	1.372538152
100.05	1.369789787
100.10	1.686257494
100.15	1.553336503
100.20	1.344830558
100.25	1.638160817
100.30	1.607789274
100.35	1.592228243
100.40	1.516623702
100.45	1.701616026
100.50	1.593488369
100.55	1.501254804
100.60	1.549647548
100.65	1.646981158
100.70	1.65320422
100.75	1.675880738
100.80	1.621888442
100.85	1.723332635
100.90	1.455934164
100.95	1.623218833
101.00	1.189789095
101.05	1.337671389
101.10	1.567785866
101.15	1.530116787
101.20	1.596284533
101.25	1.393657383
101.30	1.42312235
101.35	1.312171566
101.40	1.366498801
101.45	1.355451055
101.50	1.35001031
101.55	1.288922963
101.60	1.662207624
101.65	1.475799735
101.70	1.228905076
101.75	1.454079098
101.80	1.616106198
101.85	1.421030653
101.90	1.509320648
101.95	1.926097135
102.00	2.004372074
102.05	1.65599191
102.10	1.288405356
102.15	1.328503601
102.20	1.574854344
102.25	1.897659553
102.30	2.010312341
102.35	1.441302709
102.40	1.69872482
102.45	1.436377131
102.50	1.419433102
102.55	1.666266222
102.60	1.429564949
102.65	1.346643822
102.70	1.353424163
102.75	1.323377686
102.80	1.428848126
102.85	1.40979366
102.90	1.327451637
102.95	1.64092082
103.00	1.306221556
103.05	1.231146102
103.10	1.244200963
103.15	1.611109218
103.20	1.336902523
103.25	1.439292364
103.30	1.393334589
103.35	1.492847791
103.40	1.649887716
103.45	1.727335154
103.50	1.446516939
103.55	1.312259329
103.60	1.438327115
103.65	1.588673977
103.70	1.524506441
103.75	1.374665136
103.80	1.110997954
103.85	1.240847975
103.90	1.084389159
103.95	1.3805728
104.00	1.32837407
104.05	1.454240412
104.10	1.145499997
104.15	1.315700695
104.20	1.177774068
104.25	1.018801231
104.30	1.270449286
104.35	1.365904746
104.40	1.393697872
104.45	1.260821799
104.50	1.472660526
104.55	1.05221623
104.60	1.469673671
104.65	1.265633843
104.70	1.402860239
104.75	1.785256174
104.80	1.974616686
104.85	1.709554871
104.90	1.522133289
104.95	1.315415245
105.00	1.414229424
105.05	1.269031547
105.10	1.459754687
105.15	1.340088964
105.20	1.545565981
105.25	1.500570022
105.30	1.588032898
105.35	1.816689084
105.40	1.286514505
105.45	1.145206533
105.50	1.234097047
105.55	1.403452563
105.60	1.44301706
105.65	1.450396442
105.70	1.627516945
105.75	1.378822921
105.80	1.289087072
105.85	1.429024598
105.90	1.225699963
105.95	1.36538579
106.00	1.421358112
106.05	1.176142681
106.10	1.533521682
106.15	1.514485319
106.20	1.479598153
106.25	1.136090205
106.30	1.282922972
106.35	1.5300696
106.40	1.488314762
106.45	1.55311861
106.50	1.334892788
106.55	1.216709477
106.60	1.450046805
106.65	1.416164595
106.70	1.267676101
106.75	1.479626679
106.80	1.382951199
106.85	1.559029557
106.90	1.369603365
106.95	1.462565723
107.00	1.223042745
107.05	1.181035937
107.10	1.370011176
107.15	1.562292248
107.20	1.112394775
107.25	1.270706531
107.30	1.175080767
107.35	1.027047869
107.40	1.431038372
107.45	1.295007523
107.50	1.383343785
107.55	1.644914498
107.60	1.193816768
107.65	1.372592154
107.70	1.278447814
107.75	1.235429652
107.80	1.050012973
107.85	1.296574524
107.90	1.217962624
107.95	1.329135199
108.00	1.541853665
108.05	1.39975437
108.10	1.660519892
108.15	1.690010245
108.20	1.417041935
108.25	1.639918188
108.30	1.627036781
108.35	1.377429585
108.40	1.539210772
108.45	1.547140171
108.50	1.373985202
108.55	1.476067349
108.60	1.611014443
108.65	1.611558766
108.70	1.538993887
108.75	1.933906128
108.80	1.489274997
108.85	1.438254257
108.90	1.275617352
108.95	1.260179633
109.00	1.385452108
109.05	1.475234297
109.10	1.533411771
109.15	1.398572276
109.20	1.4722775
109.25	1.686960729
109.30	1.424808231
109.35	1.803354999
109.40	1.926080368
109.45	1.924947483
109.50	1.450540167
109.55	1.905836674
109.60	1.837355669
109.65	1.907261477
109.70	1.437992429
109.75	1.653727106
109.80	1.836942078
109.85	1.883788907
109.90	1.916919959
109.95	1.445353722
110.00	1.536787871
110.05	1.708788107
110.10	1.289838333
110.15	1.526978361
110.20	1.352180651
110.25	1.803040614
110.30	1.68130319
110.35	2.605604371
110.40	2.491016441
110.45	1.738184004
110.50	1.790379693
110.55	1.564043464
110.60	1.555948535
110.65	1.495450826
110.70	1.318393579
110.75	1.406302431
110.80	1.238355929
110.85	1.444217491
110.90	1.591874819
110.95	1.734953446
111.00	1.622174088
111.05	2.069246911
111.10	2.218067746
111.15	1.943366558
111.20	1.875238344
111.25	1.649257834
111.30	1.507507142
111.35	1.46159054
111.40	1.6
111.45	1.615484218
111.50	1.725965925
111.55	1.54163799
111.60	1.185064014
111.65	1.429958404
111.70	1.278660712
111.75	1.343968121
111.80	1.344369464
111.85	1.162763657
111.90	1.628054638
111.95	1.62877394
112.00	1.710944699
112.05	1.753988564
112.10	1.813195045
112.15	1.551910482
112.20	1.454944207
112.25	1.556717742
112.30	1.575720417
112.35	1.573084404
112.40	1.365565152
112.45	1.261581161
112.50	1.398746625
112.55	1.464938728
112.60	1.433174745
112.65	1.324889618
112.70	1.412389919
112.75	1.410359056
112.80	1.539841485
112.85	1.589810481
112.90	1.957189654
112.95	1.802704056
113.00	1.66125366
113.05	1.410304965
113.10	1.550863369
113.15	1.299168154
113.20	1.395517334
113.25	1.415414569
113.30	1.674500211
113.35	1.630886481
113.40	1.557495936
113.45	1.56821388
113.50	1.446842605
113.55	1.200308651
113.60	1.283717292
113.65	1.654535544
113.70	1.532229828
113.75	1.49951049
113.80	1.755948594
113.85	1.840732356
113.90	1.669883824
113.95	1.653402922
114.00	1.61510276
114.05	1.333396667
114.10	1.384025067
114.15	1.605409154
114.20	1.37693148
114.25	1.393352286
114.30	1.524034751
114.35	1.708023265
114.40	1.522821877
114.45	1.364336061
114.50	1.581933409
114.55	1.634367645
114.60	1.640128714
114.65	1.583234792
114.70	1.456881958
114.75	1.367590912
114.80	1.397076585
114.85	1.647896978
114.90	1.306274107
114.95	1.460725013
115.00	1.64950596
115.05	1.341949474
115.10	1.56321422
115.15	1.5080412
115.20	1.728782975
115.25	1.676276901
115.30	1.922544379
115.35	1.446562287
115.40	1.309743433
115.45	1.620377042
115.50	1.647108652
115.55	1.461773127
115.60	1.269755415
115.65	1.752719391
115.70	1.547237888
115.75	1.508709801
115.80	1.478945256
115.85	1.490434676
115.90	1.736915239
115.95	1.67532913
116.00	1.818309195
116.05	1.678455821
116.10	1.527067747
116.15	1.696026987
116.20	1.620021744
116.25	1.545053831
116.30	1.619179114
116.35	1.541972888
116.40	1.759847039
116.45	1.903342679
116.50	1.655050728
116.55	1.389186417
116.60	1.406091067
116.65	1.829178886
116.70	1.89291908
116.75	1.917593207
116.80	1.696672957
116.85	1.625118334
116.90	1.612372598
116.95	1.752926496
117.00	1.680340022
117.05	1.179789533
117.10	1.074238324
117.15	1.458314717
117.20	1.956366237
117.25	1.888849276
117.30	1.544047661
117.35	1.686288938
117.40	1.978089398
117.45	1.697647173
117.50	1.837492773
117.55	1.686440209
117.60	1.624315554
117.65	1.402626297
117.70	1.55281951
117.75	1.81017232
117.80	1.44589809
117.85	1.700245915
117.90	1.52771572
117.95	1.36751142
118.00	1.459345398
118.05	1.69583787
118.10	1.613785244
118.15	1.87659222
118.20	1.799657299
118.25	1.41507034
118.30	1.41008015
118.35	1.797979861
118.40	1.431912867
118.45	1.551808325
118.50	1.404270673
118.55	1.644213788
118.60	1.647288542
118.65	1.619283754
118.70	1.69480706
118.75	1.463569245
118.80	1.360594704
118.85	1.47950056
118.90	1.308056637
118.95	1.442785605
119.00	1.379629719
119.05	1.481546037
119.10	1.518366693
119.15	1.593478322
119.20	1.567418592
119.25	1.525054466
119.30	1.633731947
119.35	1.440215439
119.40	1.473521315
119.45	1.223497296
119.50	1.392774865
119.55	1.659913099
119.60	1.59507879
119.65	1.688738779
119.70	1.559921817
119.75	1.509545358
119.80	1.490087961
119.85	1.451208282
119.90	1.379055284
119.95	1.154847361
120.00	1.281374103
120.05	1.448388546
120.10	1.659412754
120.15	1.487567258
120.20	1.746510438
120.25	1.675204209
120.30	1.299123092
120.35	1.091579529
120.40	1.597564056
120.45	1.460276302
120.50	1.732082854
120.55	1.482939881
120.60	1.362840333
120.65	1.296802141
120.70	1.573182034
120.75	1.290074387
120.80	1.645052951
120.85	1.425215573
120.90	1.746680125
120.95	1.880724934
121.00	1.651922462
121.05	1.375836942
121.10	1.3819773
121.15	1.514532075
121.20	1.542372397
121.25	1.487558601
121.30	1.774390503
121.35	1.613255862
121.40	1.550799334
121.45	1.445592993
121.50	1.390852075
121.55	1.60731712
121.60	1.561789472
121.65	1.564940167
121.70	1.506732615
121.75	1.324642362
121.80	1.160210623
121.85	1.226642813
121.90	1.113517697
121.95	1.158666828
122.00	1.558069953
122.05	1.330037517
122.10	1.380421382
122.15	1.400504427
122.20	1.348996341
122.25	1.405363752
122.30	1.354677453
122.35	1.391129284
122.40	1.273676916
122.45	1.495426048
122.50	1.775286148
122.55	1.469368653
122.60	1.225743963
122.65	1.306963815
122.70	1.330735076
122.75	1.327432174
122.80	1.30210118
122.85	1.407137466
122.90	1.742512084
122.95	1.478143477
123.00	1.251369183
123.05	1.402612078
123.10	1.811390563
123.15	1.443731491
123.20	1.509488212
123.25	1.367022852
123.30	1.298361448
123.35	1.679181534
123.40	1.361691308
123.45	1.717192374
123.50	1.40437484
123.55	1.539332426
123.60	1.516041175
123.65	1.233152703
123.70	1.412045269
123.75	1.462504242
123.80	1.279856552
123.85	1.376661394
123.90	1.636129665
123.95	1.419962488
124.00	1.426905268
124.05	1.691968323
124.10	1.437258154
124.15	1.717532903
124.20	1.209228628
124.25	1.442144284
124.30	1.659836131
124.35	1.519843097
124.40	1.330498215
124.45	1.367279871
124.50	1.356044216
124.55	1.610372879
124.60	1.78592341
124.65	1.834106611
124.70	1.374455138
124.75	1.37193328
124.80	1.226916066
124.85	1.63019168
124.90	1.532354238
124.95	1.414198553
125.00	1.365891213
125.05	1.397740897
125.10	1.590135492
125.15	1.525841007
125.20	1.442568719
125.25	1.668525943
125.30	1.770442137
125.35	1.303752293
125.40	1.212668563
125.45	1.51486563
125.50	1.721639206
125.55	1.895161439
125.60	1.435825143
125.65	1.702322587
125.70	1.453055256
125.75	1.455351669
125.80	1.507884212
125.85	1.383791029
125.90	1.352408978
125.95	1.340315052
126.00	1.398417479
126.05	1.446254768
126.10	1.523179038
126.15	1.532640452
126.20	1.5535027
126.25	1.48871495
126.30	1.276915698
126.35	1.476494992
126.40	1.605506923
126.45	1.750847797
126.50	1.279979786
126.55	1.391508198
126.60	1.306136154
126.65	1.540352031
126.70	1.626711728
126.75	1.163110917
126.80	1.430474029
126.85	1.531997414
126.90	1.519777415
126.95	1.600481729
127.00	1.410802264
127.05	1.776163487
127.10	1.523501485
127.15	1.813582619
127.20	1.462852178
127.25	1.113388497
127.30	1.803414936
127.35	1.47085338
127.40	1.602185446
127.45	1.300633566
127.50	1.363827109
127.55	1.33427649
127.60	1.578007146
127.65	1.390524103
127.70	1.173921502
127.75	1.446019935
127.80	1.48724327
127.85	1.77304413
127.90	1.736216003
127.95	1.508406362
128.00	1.517217195
128.05	1.625039359
128.10	1.897380272
128.15	1.773290079
128.20	1.77319007
128.25	1.952836179
128.30	1.58827038
128.35	1.498488731
128.40	1.388647804
128.45	1.479526682
128.50	1.586383112
128.55	1.465767748
128.60	1.54718419
128.65	1.478870594
128.70	1.554770318
128.75	1.652131521
128.80	1.646266503
128.85	1.508354846
128.90	1.596696399
128.95	1.412610762
129.00	1.45287721
129.05	1.397407825
129.10	1.677276843
129.15	1.585625558
129.20	1.793652032
129.25	1.403672549
129.30	1.492380023
129.35	1.211088336
129.40	1.426237585
129.45	1.608145337
129.50	1.719575392
129.55	1.639514731
129.60	1.633682817
129.65	1.459623017
129.70	1.496843022
129.75	1.382049339
129.80	1.648385401
129.85	1.454270872
129.90	1.235147183
129.95	1.389612645
130.00	2.024309392
130.05	1.727055717
130.10	1.568532819
130.15	1.462748108
130.20	1.609380389
130.25	2.236631118
130.30	1.451961103
130.35	1.694837915
130.40	2.003831717
130.45	2.089125035

